涂家沟社区	114.31044438978724	30.523665617198706	1
水陆小区	114.30573098077639	30.535574662048337	1
梅隐寺社区	114.31514719879307	30.529213711643948	1
楚材社区	114.3080407937342	30.553860944823647	1
八铺街社区	114.30278741328128	30.530066440609303	1
歌笛湖社区	114.30672801006192	30.538849225633086	1
起义门社区	114.31327701655185	30.52986089979094	1
邮电社区	114.30883974665475	30.520154331458844	1
星苑社区	114.3051699889854	30.51898294108168	1
宝通寺社区	114.33955272221036	30.540270293986225	1
何家垅社区	114.33405697893087	30.550782903439803	1
四美塘社区	114.35023402387675	30.601005882868673	1
湖北大学琴园小区	114.33537748803053	30.579197605217598	1
安胜花园	114.356293004711	30.61896791497887	1
首义名居	114.31690895555924	30.542592325018894	1
才华茗苑	114.34753883785517	30.602439475449327	1
东湖景园	114.38153691666075	30.588249866571463	1
万科金色城市	114.2684705258502	30.488003316616087	1
金地格林小城	114.34264998977821	30.50528390307028	1
中铁花园	114.36531962762801	30.605965782667596	1
通惠社区	114.31761601182615	30.4987519055997	1
湘龙鑫城	114.27350534857254	30.48157394190242	1
徐东馨苑	114.35626901995388	30.599124726361097	1
保利公园九里	114.3133709793082	30.514005947962673	1
复地悦城	114.29674630872668	30.496073914511864	1
白马馨居	114.42546935610119	30.606038749025217	1
保利蓝海郡	114.38106539609856	30.499433294016	1
铁机盛世家园	114.3812667961939	30.603357840008552	1
万科嘉园	114.4518409109576	30.504757277245222	1
清江山水	114.40810304449063	30.480351895937908	1
金地中心城	114.39941202851215	30.50276214045946	1
锦绣龙城	114.3929620152894	30.472588204231194	1
紫菘花园	114.40188703985325	30.51710492234438	1
佳源花都	114.45313797428346	30.479523936596827	1
关山春晓	114.42126923885873	30.49403417572557	1
葛洲坝世纪花园	114.45466536314207	30.51008742217679	1
金地格林东郡	114.4122543837439	30.49132796795162	1
万科魅力之城	114.44548297404963	30.45305498037189	1
钢花村街116社区	114.39205831994637	30.628125731292542	1
光明社区	114.49089402435948	30.61747886066696	1
钢花村街117社区	114.38816757912154	30.627743580708565	1
二街社区	114.4139999710109	30.65135737428304	1
钢花村街119社区	114.3845350113003	30.625773061006978	1
钢花村街118社区	114.3892123982602	30.6259406391092	1
十九街社区	114.40821793776537	30.642034229260975	1
钢花村街110社区	114.40047508325264	30.63032087292055	1
中交江锦湾	114.41050735918809	30.652731030296668	1
钢花村街120社区	114.38684168018882	30.62351239832665	1
新桥社区	114.40539501270027	30.640306904929194	1
碧园社区	114.37846929317473	30.634072292066406	1
钢花村街111社区	114.3999840694609	30.6284476719718	1
欣城社区	114.41032904554436	30.630167053055008	1
大华铂金郦府	114.36862799699072	30.62873674954123	1
碧苑花园社区	114.41590590581141	30.632739152878322	1
联泰香域水岸	114.38714647524836	30.642646479297888	1
玉兰里社区	114.24506831985703	30.632894833045697	1
电业社区	114.27005980795846	30.591532194350712	1
浩海小区	114.26453199517226	30.632939890132754	1
华苑小区	114.26933155168153	30.63391785675375	1
和祥里社区	114.26815504095511	30.63551191550711	1
循礼社区	114.28813874533007	30.591591104708503	1
姑嫂树社区	114.25954038094497	30.641660134949454	1
香缇美景	114.23682394137809	30.623219187293422	1
福星华府	114.25697751532499	30.64088281263191	1
万科城	114.24164353010023	30.632413420052963	1
锦绣人家	114.25860901779222	30.628899272747343	1
新华家园	114.27037690980349	30.631876614911967	1
花桥街长惠社区	114.29195061493111	30.61793385409702	1
保成社区	114.29721989539155	30.58937378094762	1
华清园	114.30810448359485	30.602224531179658	1
越秀星汇君泊	114.28817350975332	30.654220934692955	1
东立国际	114.32094504221557	30.632216876696273	1
艺苑社区	114.30902012640117	30.611083006410144	1
同安家园	114.30731550186543	30.65608260299851	1
常阳永清城	114.31420667292413	30.61516097126631	1
日月星城	114.29006022081592	30.639998054159904	1
长寿社区	114.27368033848589	30.5739900657164	1
古南社区	114.19231964065001	30.595110039216348	1
百泽社区	114.22109811528988	30.612664935173733	1
邻里中心	114.215073270065	30.6123557621903	1
丰华园	114.21743796948948	30.612305877941225	1
将花社区	114.25983978617145	30.654917142298128	1
文家湾社区	114.15977699643169	30.629924902796574	1
祁家山社区	114.15670865430126	30.63330360880778	1
祁家山社区	114.15682965605346	30.633411512266985	1
海景花园	114.1553201434745	30.63588479091922	1
万科高尔夫城市花园	114.21814035456772	30.648624217076463	1
卧龙丽景湾	114.23022031791315	30.640030057857306	1
五合里社区	114.24512697920683	30.561654932859152	1
青石社区	114.2760322819721	30.55165798876265	1
琴台社区	114.26773095092385	30.55669608599228	1
赫山社区	114.21593348742137	30.57334488480347	1
王家湾中央生活区	114.21108748851722	30.56734231803282	1
锦绣长江	114.27157093748735	30.536540401620304	1
汉博佳园	114.25137388555376	30.531245472738874	1
观澜国际	114.22806743892794	30.53180368236862	1
五墨里社区	114.25746897826951	30.557132553155085	1
知音东苑社区	114.21997388594413	30.57319695897841	1
七里一村社区	114.23152555581913	30.560570576258144	1
龙兴社区	114.2180832223373	30.553575529032862	1
五福里社区	114.24324502916342	30.561544927352312	1
蒲潭社区	114.08210321390044	30.40517206456081	1
薛峰社区	114.09985885111901	30.46689506065284	1
凤凰苑社区	114.09232628992618	30.427886111250437	1
水域天际	114.32948397507123	30.508382924905185	1
武泰闸城市花园小区	114.30383870021961	30.5185167453666	1
武汉华侨城	114.3862850002643	30.591519914878443	1
华锦花园	114.32370346894506	30.50837359065185	1
锦绣中北	114.36140678848766	30.571779175941362	1
水岸星城	114.3500089983465	30.58183092152789	1
沙湖明珠	114.32803509811419	30.56225051525696	1
秦园居	114.34185768431841	30.591041869138355	1
融侨华府	114.32332914503905	30.575837979778914	1
尚隆地球村	114.32031371310316	30.564758824303908	1
百瑞景中央生活区-二期	114.34355530207117	30.5283881943679	1
武车四村社区	114.32627414982296	30.581729255826005	1
统建锦绣江南	114.36323591816708	30.570063023363314	1
百瑞景中央生活区-四期	114.3411363449939	30.531173460505578	1
怡景苑	114.35715753393382	30.621354393849302	1
复地东湖国际	114.36314195541073	30.56550986606976	1
四美苑住宅小区	114.34698063081127	30.606637397428408	1
长江紫都紫桂苑	114.29094837547363	30.516294468083142	1
德成香奈·长江国际	114.34438003635988	30.59634298414515	1
武铁佳苑	114.35870711093852	30.595354686592827	1
岳家嘴-三期	114.37758015038095	30.58948072350093	1
大华南湖公园世家	114.34098300424334	30.499922686466086	1
华腾园	114.36737638792367	30.58800061553815	1
金鹤园	114.3846976045976	30.615710534921046	1
保利·心语-3期	114.3329890733406	30.474408653707506	1
保利城	114.3641707847113	30.602279549498462	1
珞南街街道口社区	114.35389021713291	30.535162748113596	1
福星惠誉青城华府	114.39531854013373	30.621855052730993	1
欢乐星城	114.39027850723944	30.598871851103155	1
建材社区新材小区	114.29120475186619	30.495682680728162	1
福星惠誉东湖城	114.39270051855546	30.60547607517588	1
绿景苑港东名居-一期	114.37614277173444	30.60917928033184	1
爱家国际华城	114.37158333228798	30.59804848650949	1
保利·华都	114.39062094129986	30.514651527241707	1
瀚城城投	114.37542646292077	30.50498900852076	1
佳兆业金域天下	114.29831295353608	30.486618121586087	1
南湖新城家园	114.33428245361387	30.49667636008603	1
丽华苑	114.36964074662266	30.60188012200357	1
东亭·新嘉源	114.37993415996985	30.59422446956078	1
九峰街·景源里社区	114.48842682827635	30.510295805457115	1
保利花园	114.42131873549232	30.504479883518016	1
光谷青年城	114.41090432039294	30.498600831045117	1
智苑小区	114.61698117387606	30.495940962107845	1
神墩桥还建社区	114.56890682739022	30.465180305007095	1
光谷·坐标城	114.42084344204699	30.48189551808491	1
左岭新城第一社区	114.62952565100069	30.497636110960542	1
九峰街·德欣里-东苑	114.48944568638576	30.506519867788487	1
学府佳园	114.43515290983764	30.507726335761348	1
曙光星城-A区	114.40923967045242	30.49432770348031	1
七一七小区	114.4082624038881	30.505128638207697	1
紫菘·枫林上城	114.40844943109528	30.50214907566038	1
成园	114.44887138243328	30.504022563286856	1
43街坊	114.38916299145716	30.6310689156043	1
青宜居	114.42725294169125	30.649557984013505	1
青宜居	114.42928634604363	30.64820929292788	1
钢都花园-123街坊	114.37702841113672	30.62019053053826	1
绿景苑	114.37985627688214	30.61374070019956	1
钢都花园125街坊	114.36940997193715	30.619879905617633	1
钢花新村114街坊	114.39499532981124	30.62784232315837	1
42街坊	114.38799609259969	30.632757641853555	1
106街坊小区	114.40955066381997	30.62607923848645	1
现代花园	114.41305719937816	30.623492353721787	1
临江港湾	114.4196507618214	30.656455864300657	1
武石化第一生活小区	114.44064595820062	30.661029866834316	1
福星惠誉·福星城	114.25318352200361	30.62652471292985	1
北湖街正街社区(北湖正街)	114.27944431579066	30.60630551479942	1
万松小区	114.2742370184104	30.598529916688708	1
淌湖一村	114.30768398678563	30.639434880550272	1
堤角小区	114.34299314248302	30.66197221078624	1
汉口花园小区-六期	114.2740249284795	30.644094362820372	1
锦湖金利花园	114.35023653913218	30.67005203700864	1
江岸君安花园	114.27704997228436	30.645645609010515	1
联合社区	114.30497334990928	30.632328743320276	1
三德里社区	114.30611509621245	30.597741364655025	1
同馨花园-二期	114.26151126323387	30.581265618442647	1
汉口春天	114.20812703287855	30.602610902095677	1
广电兰亭荣荟	114.22327938072921	30.610898929404595	1
同馨花园-雍豪府	114.26303496903988	30.582960895909817	1
团结佳兴园	114.21461208001618	30.619687065928296	1
汉水熙园(沿河大道)	114.22169890201495	30.59218214923825	1
沿海丽水佳园	114.23395349595152	30.658379232014827	1
武汉恒大城	114.17333368420498	30.66484166629369	1
鹦鹉花园	114.27902597491466	30.54885589936981	1
桃花岛城市花园	114.22981670924752	30.553867475711698	1
汉阳惠民苑	114.17684201637421	30.591720893891555	1
中国铁建国际城	114.2055073045198	30.565816857851004	1
七里晴川	114.22877431553373	30.562255879446614	1
武汉恒大御景湾	114.2557346198214	30.52083370178911	1
恒大绿洲	114.13048334358186	30.556018446190635	1
金色港湾-四期	114.18676793293724	30.527138822905716	1
万科金域蓝湾	114.16297604201384	30.51101437039737	1
小东门社区-北区	114.32241808359083	30.54947760810026	1
水域天际4期	114.32949987507874	30.508316885043396	1
华锦花园-1期	114.32172360360107	30.508954568411514	1
锦绣中北-南区	114.36007343361919	30.57075261302189	1
福星惠誉·水岸星城(B区)	114.34996992205681	30.58194890956985	1
秦园居-三期	114.33963033580642	30.58972149924941	1
尚隆苑社区	114.3231703246249	30.560820831423896	1
百瑞景中央生活区东二区-西区	114.34231896419779	30.528111879748923	1
统建锦绣江南-二期	114.3623969906513	30.571553902056124	1
武铁佳苑-东区	114.36114412395654	30.596421475532903	1
金鹤园-二期	114.3858657610828	30.6143455164917	1
保利·心语-七期	114.33087913335878	30.486776372801007	1
保利城三期	114.36605956187658	30.59852587563834	1
街道口小区	114.35431727157237	30.53471910464539	1
福星惠誉东湖城-2期	114.3892430304781	30.60081992146314	1
爱家国际华城-2期	114.36956906184298	30.59796634394383	1
保利·华都-二期	114.39070601083164	30.515759424528852	1
城投瀚城摩卡公馆	114.37723547055677	30.50583534023026	1
佳兆业金域天下-二期	114.2954597555753	30.48659524749517	1
保利中央公馆	114.32869526283345	30.50094634958158	1
清能清江锦城二期	114.30432890553642	30.480219310877526	1
九峰街·景源里-东苑	114.48989501880185	30.510782964758928	1
保利花园-3期	114.41773844905177	30.503708139782454	1
坐标城9期	114.42246182925378	30.481375922645043	1
九峰街·德欣里社区-西苑	114.48659733927472	30.50505271702142	1
关西小区	114.39311841027869	30.50604871110374	1
紫菘·枫林上城-3期	114.40449868346239	30.501680775849007	1
青宜居社区-西区	114.42667245667069	30.649160539991474	1
现代花园-B区	114.41319284351016	30.623826818382152	1
青翠苑	114.39891885878718	30.62355411906054	1
正街社区-西区	114.28105075553415	30.60612741201124	1
汉口花园小区-四期	114.27841018648756	30.642194632624218	1
石桥花园	114.27823950844066	30.63577440441201	1
锦湖金利花园-二期	114.35076141904166	30.670247881462505	1
江岸君安花园-北区	114.27591397513645	30.645829153226636	1
汉口春天惠园	114.20938475042307	30.60324601727678	1
同馨花园-一期	114.26318202165187	30.582032464913688	1
沿海丽水佳园-四期	114.23291658190135	30.65653469478897	1
武汉·恒大城二期	114.17752203364525	30.668100870088875	1
鹦鹉花园-六期	114.2774134266937	30.549855327623693	1
桃花岛城市花园-1期	114.22890807322418	30.553504622009218	1
汉阳惠民苑-3期	114.17853397480225	30.59290888420795	1
中铁建国际城1期	114.20524499931089	30.565706934849402	1
七里庙小区	114.2293960327772	30.572745873197928	1
七里晴川-二期	114.23092396061912	30.563355920705046	1
恒大御景湾2期	114.2567205101186	30.519434279226004	1
金色港湾四期-C区	114.18788901821371	30.525411918300545	1
万科金域蓝湾-南区	114.16240624682887	30.510641476465945	1
武汉华侨城生态住宅社区2期	114.38621861548711	30.593108694558236	1
华锦花园2期	114.32155795606504	30.509069923465937	1
锦绣中北-二期	114.35978426907553	30.57092386307361	1
秦园居一至-5期	114.34202072676847	30.59212487131494	1
百瑞景中央生活区东二区-东区	114.3440166717811	30.52866676349551	1
统建锦绣江南-一期	114.36517571908533	30.568886099804438	1
湖北省电力岳家嘴小区	114.3727310972381	30.587442032838982	1
金鹤园-四期	114.38647391391304	30.614129355711384	1
保利·心语-四期	114.33328299890347	30.484729356934494	1
保利城一期-A区	114.36403361345994	30.602246911516538	1
福星惠誉东湖城1期	114.3928940135623	30.60523689310863	1
保利·华都-三期	114.38913298805312	30.516280934527945	1
佳兆业金域天下-三期	114.3012812244327	30.486596492343804	1
保利中央公馆-4期	114.32586874454633	30.500113277353016	1
保利花园-一二期	114.42169090346512	30.505047349640208	1
光谷·坐标城-H区	114.422418171606	30.483591303117034	1
紫菘·枫林上城-二期	114.40460468351257	30.501681242594135	1
青宜居-东区	114.42992477176958	30.649287610411296	1
现代花园B.-C区	114.41320506046512	30.624031769669216	1
青翠苑二期物业小区	114.39740027332256	30.624757408686072	1
福星惠誉·福星城-北区	114.25258507087287	30.626439564853126	1
石桥花园-二期	114.29093058902454	30.633680454701068	1
江岸君安花园-南区	114.27699221124007	30.64561290812086	1
誉园	114.20907896722747	30.6038334931321	1
华生汉口城市广场-四期	114.18646044296118	30.635100585634326	1
沿海丽水佳园1-2期	114.23293697343642	30.658266541518085	1
武汉恒大城-1期	114.17371995557427	30.665223901807728	1
桃花岛城市花园-东区	114.23122381499834	30.55296776395381	1
惠民苑4期	114.17726332165837	30.59320506346214	1
金色港湾四期-B区	114.18833897944366	30.529862921761023	1
万科金域蓝湾-北区	114.1647511835321	30.511628856619627	1
华锦花园-四期	114.32612601924437	30.5079319238637	1
福星惠誉水岸星城-C区	114.34614367956762	30.579413922451053	1
常阳秦园居4期	114.3419374538477	30.59208049450145	1
统建锦绣江南-四期	114.361938495519	30.57121459101409	1
武铁佳苑-西区	114.35917728404245	30.595432867929123	1
湖北省电力岳家嘴小区-二期	114.37582279531179	30.587900821678225	1
金鹤园三期小区	114.38220606443514	30.614744892064607	1
保利·心语-一期	114.33261196468753	30.47743692773736	1
保利城一期	114.36396543207172	30.601843986943877	1
佳兆业金域天下-一期	114.29834699931492	30.486417934204898	1
清能清江锦城一期-玺园	114.30138848211061	30.480105166198808	1
光谷·坐标城-G区	114.41703795041508	30.480386209295304	1
青宜居-二期	114.42936099523152	30.64911354874828	1
现代花园-A区	114.41390430147408	30.626227160470616	1
青翠苑一期	114.39892415878968	30.62395912777342	1
汉口花园小区-二期	114.27587597681337	30.638974473954125	1
华生汉口城市广场-西区	114.18201760356993	30.636155357731326	1
沿海丽水佳园-三期	114.23297883447319	30.65621176120431	1
武汉恒大城-北区	114.17769971847513	30.668203065443578	1
鹦鹉花园一至-五期	114.27691702306889	30.54977454335473	1
桃花岛城市花园-西区	114.2301899551869	30.553900907631633	1
南湖华锦花园(一至四期)	114.32384396392683	30.508640938866154	1
福星惠誉水岸星城-A区	114.35377864758857	30.583728583806657	1
统建锦绣江南-三期	114.361938495519	30.57121459101409	1
岳家嘴职工住宅小区1-2期	114.37379397231749	30.58652887874753	1
保利·心语8期	114.32801542522351	30.4852644951172	1
保利城二期	114.36595940081223	30.601533613418834	1
清能.清江锦城.沁园	114.30422299531678	30.480146949235944	1
长城坐标城9期-I区	114.4226570310411	30.48118373853664	1
青宜居-一期	114.42502658131531	30.64876177389916	1
现代花园社区	114.41185194287543	30.62393038176736	1
青翠苑二期物业小区-2期	114.39741985638267	30.62384787291289	1
汉口花园小区-三期	114.27954654295769	30.639500830293144	1
沿海丽水佳园-二期	114.23289861579116	30.65653547144371	1
武汉恒大城-南区	114.1758427413249	30.664793284891584	1
鹦鹉花园4期	114.27744962840575	30.549928803151037	1
桃花岛城市花园-二期	114.22919598014012	30.553600253180125	1
华锦花园-春天320	114.32401769621245	30.509559733644316	1
水岸星城-三期	114.34957637441289	30.581598054057707	1
保利心语-十区	114.32104116090515	30.474960656685646	1
保利城一期-B区	114.36528486320479	30.600856911725476	1
青翠苑一期-三号院	114.39722007323725	30.622560197272318	1
汉口花园小区-五期	114.27557486480643	30.640748429299165	1
桃花岛城市花园-三期	114.23056400960127	30.555914887231825	1
华锦花园-三期	114.32492202036936	30.50918994546956	1
水岸星城-G区	114.3516924228722	30.583952196915277	1
保利·心语-二期	114.33308887508277	30.483528125058665	1
保利城一期-C区	114.36455831370832	30.603017475763448	1
青翠苑二期西院小区	114.39734484787259	30.625016042506303	1
华生汉口城市广场-1区	114.19224912366748	30.633899290318617	1
桃花岛城市花园一至-二期	114.23050975194846	30.553518150326976	1
水岸星城-四期	114.35218478412223	30.5839272474076	1
保利·心语物业服务中心-9期	114.32398383009473	30.476068232489865	1
青翠苑一期-一号院	114.39739587162555	30.623968295416784	1
汉口花园-东区	114.27742357754596	30.637778897914973	1
水岸星城-二期	114.35035655274832	30.582438659437337	1
保利·心语-六区	114.33051837386597	30.484953511571344	1
青翠苑一期-二号院	114.39940322511816	30.623600578999806	1
五芳园	114.2308457182092	30.55593673413858	1
水岸星城(一至三期)	114.35223985024997	30.584506991457122	1
保利·心语-九区	114.32425799293638	30.476204480397755	1
桃花岛社区五片区	114.22889971898293	30.55506767435102	1
十号楼小区	114.29424785161179	30.590958243919392	0
长航宿舍	114.31634499936007	30.610918898940646	0
中行宿舍	114.2920333488686	30.607543133546464	0
中行宿舍	114.29311140531112	30.600208181274414	0
香榭大厦	114.29780999228105	30.60268915522722	0
小南湖大厦	114.28390350434218	30.59811936064396	0
蔬菜宿舍	114.28404435864616	30.598286909376423	0
影城宿舍	114.2861425308258	30.602968985416524	0
军谊大厦	114.2850884591404	30.58587647616318	0
长航宿舍	114.3018070026477	30.579136899503226	0
图书馆宿舍	114.27738252498415	30.60924672727305	0
牛奶公司宿舍	114.26028516604329	30.641656872492636	0
花楼宿舍	114.2818431508245	30.60924540630807	0
邮局宿舍	114.27363461473543	30.6253745859838	0
银邦大厦	114.28543206099796	30.578898195867428	0
有机宿舍	114.19259919332472	30.60951115301461	0
鑫城汇H3	114.24127603331611	30.61317985866084	0
电车宿舍	114.24248218812436	30.614550488053876	0
电信宿舍	114.245498069213	30.61481295668501	0
水运宿舍	114.24714232761846	30.58150213985532	0
汉宝大厦	114.25124345159372	30.583486549427317	0
运校宿舍	114.34589233368592	30.60209149240265	0
机务段宿舍	114.34610756768612	30.603215244632796	0
路灯宿舍	114.33769502641573	30.593610899832413	0
材料厂宿舍	114.35304500147858	30.592078862429112	0
电信宿舍	114.36467042223596	30.582138560664067	0
武科大宿舍	114.34709157154175	30.591118344181847	0
医药研究院宿舍	114.31215458381715	30.551925838696995	0
工行宿舍	114.30846003291569	30.538383903803126	0
公汽宿舍	114.31154795810625	30.526311810175216	0
公汽宿舍	114.30308313545518	30.557221805547705	0
顺民大厦	114.31596618392652	30.545686102007537	0
党校宿舍	114.33683058702347	30.530308376287902	0
审计厅宿舍	114.3561765843169	30.546943629976003	0
电视台宿舍	114.33034805514126	30.558786818785013	0
中南SOHO城	114.3353522456457	30.536146377313607	0
中南国际汇	114.34089847369486	30.537279144242415	0
天华宿舍	114.33704088034337	30.54525269308227	0
双星大厦	114.34213499122934	30.54579791403966	0
东湖宾馆宿舍	114.36807032893013	30.563927315256844	0
东沙大厦	114.3579582834654	30.57134277532643	0
卫生厅宿舍	114.35725814415092	30.561121774253195	0
龙源大厦	114.34885314864681	30.560811657744953	0
中银大厦	114.39827926526407	30.63993583334866	0
经贸委宿舍	114.40787460539944	30.51027534829054	0
政协宿舍	114.0360101700474	30.584133605290088	0
铸钢厂宿舍	114.05006182415667	30.585570947528687	0
大集宿舍	114.04782935530328	30.58017907371252	0
老财政宿舍	114.03643210414543	30.584006059848985	0
供电宿舍	114.15668565768021	30.492259297884456	0
汉北立方城	114.41345595719405	30.706314859159967	0
新世界广场	114.80859297305419	30.849368558589923	0
武汉中学-宿舍	114.32098115409708	30.55119265118003	0
北斗花园	114.28140837095766	30.623709425692393	0
民意四路小区	114.2854626033853	30.580440159587106	0
国土资源厅宿舍楼	114.36075407970411	30.548119811560316	0
西江月·厦	114.21784669849652	30.592560011696435	0
琴断口街七里庙小区3510宿舍	114.2309091385782	30.57371940119138	0
走外文书店宿舍	114.33864516415363	30.536875169374888	0
铝制品厂宿舍	114.24603067454986	30.61290029137059	0
防爆大队宿舍	114.3670195809751	30.586349340237028	0
新华宿舍	114.24247706778294	30.613317155583545	0
汉北水晶城	114.3566514286095	30.7239429669907	0
薇西小区	114.0848693660573	30.311646050508624	0
菜科所小区	114.27746391146336	30.48605918306148	0
滨江苑	114.32605936497554	30.622497498975996	0
七一寄宿教工宿舍	114.29628511867786	30.635718939222436	0
简易路小区	114.22677639424899	30.589201864325798	0
洪山宾馆宿舍	114.3441559989657	30.55514487777962	0
老检查院宿舍	114.81104265217989	30.85237390496723	0
新都国际嘉园	114.16265049609702	30.49275292788347	0
徐东石化小区	114.3545019631852	30.600289855653838	0
蔡甸农行宿舍	114.03786472177275	30.586643130352055	0
江夏区广电局家属楼小区	114.33952694084222	30.36868789838289	0
胜利街小区	114.3069480050813	30.59555643472235	0
管煤宿舍小区	114.19454555187319	30.5962780149875	0
25中二建宿舍	114.32892612734953	30.551082478192747	0
广播电视局宿舍	114.03595995476938	30.591251864487713	0
盛泰苑	114.03015869778596	30.581228620627048	0
长盛大厦	114.29580236929681	30.588842019766798	0
远景大厦	114.22716571985701	30.591436212357852	0
江南公寓	114.35548551788808	30.613843419782302	0
海运宿舍	114.33485566235979	30.523874671036044	0
白云花园	114.3025353487552	30.3453147959864	0
青山广场	114.40163641261596	30.64136371699045	0
和平科技公寓	114.39433561424471	30.631241534033688	0
林科院小区	114.37930660374059	30.52290942647818	0
洪山教委宿舍	114.35293576752856	30.535829414808894	0
临江花园	114.22175603424539	30.474739357872988	0
长江楚韵	114.22436633039628	30.478122902080454	0
鸿发大厦	114.31784400176458	30.424548217436474	0
蓝色星城	114.2967521477125	30.80540096669857	0
花园小区	114.58893400975187	30.71493341215073	0
鑫华庭园	114.142091606704	30.47934777742824	0
博学尚品	114.16637181650265	30.508529316993233	0
锦程公寓	114.18899303568546	30.51991890343766	0
中环湖畔	114.19277921374892	30.53184668723911	0
长利小区	114.09008097530399	30.33115197777201	0
孙家畈小区	114.04230756116401	30.576648554004397	0
未来之光	114.43127312834005	30.50964770786208	0
塑料公司宿舍	114.27124098987353	30.610440872173065	0
财会通讯杂志社单位宿舍	114.33729968216079	30.535989140401867	0
建设厅宿舍15栋	114.3410547788536	30.544540682107503	0
纸坊街道办小区	114.33147992008384	30.362084875884218	0
枫景国际公寓	114.1281404729813	30.472115247465666	0
饮食公司宿舍(四清村)	114.31885585309101	30.567203478292818	0
湖北省消防局宿舍	114.33317502258117	30.536642503964913	0
蔡甸区环保局宿舍	114.03018286220417	30.59118922343604	0
新洲公馆	114.82181567083887	30.835101574085403	0
雅亭小区	114.3262454938772	30.659576259403323	0
机械局宿舍	114.27791881337362	30.62155958350555	0
德成中心	114.35865357193012	30.571675089833008	0
长城汇	114.34477996197292	30.556036872209898	0
金洋花园	114.31734157949286	30.510430604852797	0
晓阳里-76号	114.81838297599359	30.846137947390957	0
环湖书苑	114.57843722003723	30.680552368276505	0
武船宿舍-1栋	114.35350655084962	30.60700440186407	0
八一路铁路小区	114.34782818205993	30.544495427982852	0
丁字桥药检宿舍	114.33871559130561	30.533489490001056	0
省幼师宿舍	114.32843951525477	30.53698621403119	0
环亚艺树家	114.28615923930829	30.599564497694242	0
二药宿舍大院	114.3285279983475	30.54764263828495	0
民主二路小区	114.33074950787369	30.5506305110452	0
南苑村	114.35198697724893	30.545350665130826	0
市中心医院宿舍	114.30293599301264	30.586497867574256	0
八吉鑫府小区	114.50203355166651	30.611258380417205	0
古驿道小区	114.32539318160933	30.365744786164257	0
祥和世纪城	114.80009275716603	30.829641515371705	0
三十六家小区	114.81722712629389	30.852701677676478	0
湖北省体育局-宿舍区	114.34040997515854	30.556069914640663	0
南国SOHO520	114.3314500963409	30.511282644674832	0
中南民族大学(东家属区)	114.40644108946663	30.493783124375945	0
大智嘉园	114.29968412706651	30.595799371236723	0
船舶国际广场	114.29337281221451	30.59210108969765	0
长办宿舍	114.31498649193735	30.63464365394832	0
恒发新村和谐小区	114.28584950356846	30.617819795154492	0
简易社区外贸小区	114.22576418360035	30.59070239381921	0
生资宿舍	114.22956060234662	30.601927214125457	0
二棉小苑	114.35567541967289	30.608829379136946	0
徐东社区煤气宿舍	114.34790696345316	30.5910288901361	0
电子质检院宿舍红色物业小区	114.3184496393394	30.56648999744856	0
涂家沟武船宿舍	114.31042696266034	30.524593445682026	0
虹星苑	114.34391570224177	30.5431212320212	0
湖北纺织建筑设计院宿舍	114.37111432698123	30.580272890600046	0
中南一路燃料宿舍	114.33312992764456	30.547269730814104	0
华电沙湖小区	114.36389284898652	30.588442458600973	0
幸福春天	114.03551771896684	30.579574896978595	0
中国农业发展银行宿舍	114.04359249736547	30.582087727989503	0
中核世纪广场	114.06694987791371	30.57007515010958	0
江夏税务小区	114.32668431611883	30.362423910870408	0
江夏区关山桥小区	114.30398629181491	30.336667272205	0
桂花城市花园	114.82018955820469	30.860829133432638	0
虹景新都	114.80375155550817	30.83023341416646	0
东城明珠	114.58671483582002	30.65877322055833	0
蔡家花园	114.15746951906821	30.50783196905228	0
阳光丽景	114.16283923008466	30.49861039962589	0
东吴里	114.14638793246657	30.63113611408476	0
建设新村-药机宿舍	114.34943372349791	30.607145515200806	0
开明小区	114.29810948733807	30.61176631829885	0
自来水公司宿舍	114.32984500405567	30.55099594138234	0
格格屋(大智路)	114.30093582596412	30.593898217266553	0
汉西苑小区	114.23384893319015	30.603821292942595	0
自来水公司宿舍	114.23204603403163	30.58138788213096	0
湖北省公安厅宿舍	114.32274452781316	30.53969004962586	0
梅苑小区	114.33375200421023	30.537932654563633	0
武汉·宝业中心	114.3817716438905	30.625839874749992	0
省油脂公司宿舍	114.34059107354933	30.53378709675833	0
梅隐寺社区合纤宿舍	114.31426694922384	30.52885037603885	0
黄鹤楼小区	114.30055871731103	30.54935211594159	0
小东门安装宿舍	114.3318539744982	30.551143901398135	0
少年儿童出版社宿舍	114.37646984477063	30.57808818473893	0
天下壹品莲花	114.04704998544283	30.584696870668065	0
电力小区	114.32381117577572	30.35547750764983	0
永久社区	114.11644498439414	30.471988954077034	0
幺铺还建小区	114.08130066775782	30.568945490480175	0
集资楼-2号	114.25997713708392	30.6544773142763	0
蓝宝石生态园	114.41055694565223	30.430697092781628	0
硚房翰林珑城	114.25003783576877	30.582463298429875	0
梨花轩	114.08427738272623	30.306893613824943	0
湖北省农业银行老大院宿舍	114.36789084748924	30.568228602147112	0
南德国际城	114.37999398711682	30.893141879982345	0
残联宿舍	114.29134596549234	30.628260909219147	0
伟鹏大厦	114.33177510327442	30.536570729060717	0
湖北省建筑工程管理局-宿舍	114.331791991418	30.547708884414934	0
建机宿舍	114.36352598101624	30.572487875742574	0
建材花园小区	114.32766050471652	30.363572663512414	0
瀚华园	114.82018955820469	30.84520540576194	0
向东二小区	114.8200410683039	30.836309563495508	0
聚友社区	114.38290404781638	30.627122689581597	0
大桥新区西片还建小区	114.29737000224227	30.41483399823986	0
汇福园社区	114.2310040894706	30.55757111746827	0
第一生活区	114.33496309969878	30.549148482406114	0
顶琇两湖世家	114.27105647792179	30.606945811794308	0
何家垅职防院宿舍	114.33420690612049	30.550007643495668	0
青山区红卫路街道46街坊税务局宿舍楼	114.38138312675744	30.630562322999275	0
卓刀泉教师小区(虎泉街)	114.3792150664091	30.51856986721458	0
黄茂里	114.8074237386024	30.84289397145123	0
汇通小区	114.29935543708042	30.590444677779537	0
金业里小区	114.296162050823	30.590238255747938	0
义品里	114.30271797426538	30.592986834386327	0
新源大厦	114.30591459442263	30.593879798511757	0
玉龙居小区	114.306542330313	30.590749880022415	0
桃源大厦	114.30917194003236	30.595540814023323	0
金源世界中心	114.30656299133973	30.59680491669602	0
裕华公寓	114.30153742116416	30.5965273222333	0
中原大厦	114.31191491590707	30.61278389541016	0
盈安大厦	114.29911855391742	30.59666285557637	0
志诚大厦	114.29130140953906	30.59393691995497	0
百帝苑	114.29588716933695	30.60127134156755	0
港台公寓	114.29610132537053	30.60034199977408	0
新香港大厦	114.29602496940218	30.60202792591249	0
中奇香港花园	114.29327795115266	30.60744460329905	0
香榭里小区	114.29555407765385	30.604725967753676	0
华美国际	114.29479680610893	30.606817441914203	0
开源阳光城	114.2966617781782	30.60299253121305	0
嘉义公寓	114.29445185679309	30.60550303945859	0
平安苑	114.29251951181058	30.607646714525472	0
福怡苑	114.29488771462655	30.60599111497696	0
福隆花园	114.29427129738559	30.602857084522384	0
惠东花园	114.29186303014389	30.609048970842192	0
招银苑	114.29247747111272	30.60055282958671	0
君悦尚品	114.29881771140215	30.601694939392452	0
湖边公寓	114.28360302114909	30.600313168974886	0
颐园公寓	114.28443844527338	30.599361203757258	0
台颐公寓	114.28421306042092	30.599088357127176	0
台北苑	114.28680053961186	30.59826141960669	0
台北教师公寓	114.28692208034737	30.59969901649594	0
长发小区	114.31745871853136	30.6189853188685	0
后湖华庭	114.29724900049007	30.642051861992506	0
海安公寓	114.2989811131744	30.637090333802693	0
友谊路小区	114.28604219010033	30.58373130416391	0
石化小区	114.28114202337397	30.611297853122476	0
开关厂宿舍小区	114.27006609609704	30.59886291419648	0
泛海国际碧海园	114.25647841678366	30.606522936515674	0
武广公寓楼	114.27658545850515	30.586303561749226	0
两湖官邸	114.27199592582413	30.608378538539647	0
北湖公寓	114.27579665643684	30.60937353982666	0
北鑫花苑	114.28261740034354	30.60955552176434	0
天下名苑	114.28190207966595	30.6096317489379	0
天下晶立方	114.2803703789409	30.60985460234548	0
环保小院	114.27860835268307	30.60808590284993	0
李寓	114.2817166694087	30.609185263530165	0
江花小区	114.28189695932454	30.608172854439946	0
华氏儒商花园	114.29021877173844	30.61257542352033	0
馨兰花苑	114.28484268275287	30.616924256806367	0
康家公寓	114.26993799773132	30.624250860401123	0
积益小区	114.28176023722592	30.624515089372796	0
元辰世纪	114.28149514726994	30.62506522092182	0
家安小区	114.17639124666928	30.61341505819271	0
2008城市花园	114.19785230428597	30.618193594084346	0
硕实馨园	114.24195667940101	30.616800950636694	0
滨江军苑	114.19710248867678	30.59393116895407	0
弘鑫商住楼	114.20933085209248	30.59554998438426	0
三星公寓	114.22327210445457	30.594175042176367	0
博学仕府	114.22414166418824	30.590551852296272	0
简易新村	114.22484872045513	30.590401155098974	0
合作小区	114.24469624171478	30.611899265952335	0
发展二村	114.23650576156646	30.610776625618335	0
综合楼小区	114.23631298520402	30.596620889997485	0
黎明公寓	114.2387606880576	30.582061301206156	0
营房五村	114.25636280486452	30.58634296700234	0
丽江新居	114.251369034704	30.577900857518912	0
汉水新村	114.247834651675	30.582429099195625	0
铂金天地	114.35652324041321	30.583391258910144	0
兴华嘉天下	114.35707830338782	30.586204232459522	0
时尚馨都	114.33494818782731	30.59027750394701	0
梦湖水岸	114.33611014600447	30.576954344229172	0
美城清芷园	114.33262741554229	30.5784711550591	0
舒苑大厦	114.33212202886237	30.579679440889823	0
惠誉花园	114.33944914758506	30.592496749759643	0
秦园鑫寓	114.3395376306778	30.589418236732804	0
芭莎公馆	114.34745852934257	30.59280653078683	0
中力名居	114.35363204412934	30.592993906632678	0
长城嘉苑	114.35346136608244	30.58912834111954	0
七星绿色花园	114.34512895366355	30.58696723110228	0
王家墩小区	114.34963799817089	30.591149897891384	0
凤凰山公寓	114.31784328312017	30.559942097844917	0
地铁凤凰苑	114.31319796566697	30.562199905278987	0
下新河小区	114.32186598502442	30.578767922971814	0
凤凰世纪家园	114.31814358665216	30.56144650535744	0
江南明珠园	114.31774384070022	30.574195512174185	0
中华路公寓	114.30263694710835	30.554514264675312	0
泰昌公寓	114.30797539709307	30.556844970186727	0
都景园	114.30875800085336	30.55452188399286	0
金湖公寓	114.32852206953113	30.55645927023954	0
胭脂庭院	114.3150584462087	30.555442417502807	0
书香苑	114.3184036460973	30.55463298601364	0
现代大厦	114.32590844964986	30.548384016959762	0
杏林苑	114.36303703332716	30.558356889719942	0
杏林苑	114.32119782538608	30.548945159449783	0
云架桥小区	114.32124813049464	30.552778988243475	0
解放桥公寓	114.30136368887854	30.533548591494654	0
望江公寓	114.30117118200774	30.533099341466965	0
汇文新都E区	114.30985590984766	30.5306805718717	0
兴安家园	114.30681002535496	30.534217291258365	0
大歌笛湖小区	114.3065109794507	30.538762133483257	0
船梦园小区	114.30005234249506	30.52352274792729	0
平安花园	114.30768650204105	30.51572823495239	0
梅花庭院	114.33492986239492	30.53647088175927	0
解放桥小区	114.30214602314717	30.530151907509673	0
郁馨花园	114.30288101671543	30.51356664045447	0
堤东花园	114.30129083630166	30.523263918353063	0
平安别墅	114.30936175198661	30.513495703926587	0
云鹤大厦	114.31383711003733	30.545799702409067	0
金都华庭	114.33286187328038	30.55046054658944	0
中建广场	114.33889309647438	30.541107139843536	0
紫东馨居	114.33782698749515	30.536896787322227	0
安家湾	114.33365094484034	30.548662994680367	0
金诺雅苑	114.33457027069927	30.530088604462456	0
鹏程时代	114.33956466967363	30.542654608984936	0
中南新村	114.33787298073725	30.538336936033403	0
红鑫佳园	114.33043042975653	30.537726741747953	0
鸿玺公馆	114.33270170540796	30.55684924623068	0
阳光年华	114.33178291853235	30.548494037534343	0
中南新苑	114.33741125170513	30.546386285782077	0
百瑞景中央生活区三期	114.34326200532216	30.530653897643553	0
银苑小区	114.36442895771486	30.56373692852458	0
安顺家园	114.3438597378085	30.55970529009285	0
海山金谷	114.34536197411285	30.557591875559343	0
中北春天	114.35994201152307	30.572740898261074	0
东湖熙园	114.34382497338525	30.55757943625437	0
红军村楚苑	114.35208902475486	30.55773788178106	0
宏城金都	114.34664026285353	30.556268946453812	0
北环路小区	114.34823529411706	30.555075215876986	0
东亭小区	114.36478010533872	30.57296632482808	0
省构宿舍	114.36127410876384	30.580512678996957	0
阳光花园	114.31730950998615	30.51750688023676	0
东方莱茵	114.31691156064522	30.512419904626487	0
新大地家园	114.3252550222219	30.51449666639016	0
雅苑公寓	114.40038803744874	30.64173089916407	0
青城荟	114.41429650165973	30.636797863455257	0
玉翠苑	114.39507051798243	30.630458067602344	0
宁安小区	114.46810652882678	30.583791152003894	0
宁静小区	114.46835473063918	30.584191898396863	0
长飞公寓	114.42837321849274	30.50384808248333	0
汇博苑	114.43130798259382	30.517518935836467	0
测绘小区	114.40711589656573	30.509370250440682	0
华大家园	114.34048067180217	30.491137826475963	0
正堂山外山	114.37013867736685	30.58675683776628	0
七星欢乐苑	114.36717624545604	30.58548133286555	0
东湖别苑	114.37142334407667	30.58649001762655	0
徐东安居住宅小区	114.3602954049107	30.593642841304572	0
恒庆花园	114.3587155550103	30.604568299136353	0
和逸苑	114.37043754361002	30.60878788510643	0
忠诚花苑	114.36287174511332	30.60546612869505	0
虹琦花园	114.36846396640459	30.611653883757203	0
牡丹园	114.41014776749245	30.623577970570633	0
东方花园	114.41047798459792	30.62099358219562	0
滨湖小区	114.39788365151747	30.51672691861502	0
南湖锦园	114.38214300338834	30.500609900977796	0
汉乐馨苑	114.0353254815877	30.57928870258122	0
机关小区	114.0355417935545	30.589238004147546	0
雄达商住楼	114.04300410725644	30.58143560612217	0
光华御江湾	114.05033302259015	30.586795854223233	0
江景花园	114.0478753485454	30.586554760245367	0
锦狮丽苑	114.05065057358793	30.582547786031355	0
荷风雅居	114.04959353749433	30.58194012653878	0
汉水阳湾	114.05251707277655	30.5828857356936	0
臻园	114.02741976428604	30.581701507599675	0
德氏花园	114.0379139489147	30.580960075130626	0
农利小区	114.03866322554057	30.579680995445255	0
西岸阳光城	114.16151701420453	30.50507294193345	0
临江花园二期	114.22103029322386	30.475548294386336	0
鑫晶佳苑	114.14296161559041	30.476545838530885	0
民警小区	114.14250716283291	30.469293955354885	0
白金公馆	114.13310495838218	30.470569912368408	0
星月花园	114.02545687691618	30.45683581517632	0
时代新居	114.0171268000916	30.456991002207882	0
锶业小区	114.33717877023913	30.352743496563992	0
江南京都小区	114.32912761727542	30.36632132568844	0
建材大市场小区	114.32929443260862	30.364871907671507	0
银都雅苑小区	114.32819203208676	30.368857560259464	0
周荣公寓	114.23990189537749	30.87871790380498	0
幸福里小区	114.29721387674464	30.800057464331026	0
金泽雅都	114.30126703120564	30.804888862068573	0
空港嘉园	114.29809340766946	30.804600239801246	0
翰林苑	114.38857792507852	30.879428279832013	0
翰林苑	114.30252483858072	30.8034604757153	0
南德金荷园	114.30209796380237	30.8078738256425	0
梨韵华府	114.35918473997818	30.728841784976993	0
花苑小区	114.35878930589269	30.716130352477716	0
佳居阁	114.36112741547406	30.718266816021607	0
滠水春晓	114.35960047576819	30.715058454734887	0
富兴花园	114.36213863798663	30.720604483597636	0
驻龙花园	114.36115661040313	30.723704857012486	0
龙阳小区	114.35856203459866	30.722715856048872	0
紫轩雅苑	114.41831282559484	30.702615876411546	0
望湖国际	114.41811447973824	30.703458447585906	0
金富士阳光花园	114.41577735829293	30.702100890518114	0
愉景湾	114.43008143625052	30.720188629923825	0
联投汉口郡	114.41558350396387	30.727778954837305	0
翰林雅居	114.43127654190097	30.70823497303001	0
源煌公寓	114.32355264344994	30.694255046883896	0
文馨苑	114.23472702682615	30.73586586715086	0
泰安花园	114.81476316411056	30.845695357500716	0
帝景花园	114.81632549705354	30.845671638965023	0
和居小区	114.80984907364879	30.836907777298098	0
懿尚街	114.81974642409662	30.85895045689953	0
水岸名邸	114.80024223520289	30.832159869987468	0
南城明珠	114.80050364210629	30.847980137831183	0
夏利小区	114.80268930924262	30.8462401070762	0
长通小区	114.81212232557235	30.852157740222825	0
祥和世家	114.8093819547836	30.832588026273438	0
教师村小区	114.82238124398793	30.85186096824665	0
常阳小区	114.80368615886704	30.836277935655634	0
水务小区	114.80322802305695	30.84046985049833	0
半山逸品	114.58607182873598	30.684836000827215	0
泊湖天下一期	114.58517900288962	30.69434083335072	0
滨湖国际	114.56893916638857	30.672129582995925	0
棉纺小区	114.57422353838157	30.670812582178794	0
阳建小区	114.57564986787031	30.670213480582305	0
老干小区	114.57804376222386	30.65430854342515	0
欣欣小区	114.57619109694008	30.653207059718987	0
潘龙小区	114.57003491944965	30.65599041360129	0
金鑫花园	114.58225438964078	30.664352803328462	0
祥盛小区	114.5797910562713	30.658512425642435	0
昌平小区	114.58364873945337	30.68013121557339	0
翰林华府	114.81863872357228	30.856130628578626	0
翰林华府	114.58158344525538	30.67558336255979	0
文腾小区	114.58271144748426	30.67886021454117	0
安康小区	114.58195812848358	30.676721316704263	0
金色水岸	114.56674775009698	30.674212752389494	0
兴盛小区	114.57779304515601	30.681027793407548	0
环湖雅居	114.57790227910603	30.67993896309592	0
永生花园	114.57903099997932	30.672874814162515	0
乌金山小区	114.05798478892413	30.350720051174775	0
江城雅居	114.41942304137463	30.485621926554398	0
蓝域拿铁公寓	114.41307857904931	30.478713088213294	0
芭比伦堡	114.40982536564492	30.476297309387455	0
格调小区	114.42605469197149	30.49290424500465	0
天慧小区	114.43127196054287	30.49441289093315	0
南波湾	114.38506348443183	30.47512001641611	0
中建东湖锦城	114.45027902716741	30.48704992738549	0
九峰新区	114.49103128544142	30.50844071947027	0
桃花源	114.5424870335279	30.485261927581412	0
金山小区	114.14949229664795	30.624866797902797	0
商地小区	114.14888540144543	30.62580429255312	0
惠民北区	114.03180475280244	30.656218906451734	0
纺新苑小区	113.95747976338183	30.700786398562915	0
金银湖别墅	114.2269655773894	30.668172391317427	0
伊甸园小区	114.25539398237201	30.656547742587673	0
新武东小区2期	114.44816100243598	30.58337757935015	0
东湖名邸	114.3735956264609	30.572330076414982	0
磨山小区	114.41358908607063	30.5486233407059	0
美术出版社小区	114.37667618554626	30.584856903653208	0
德安总里小区	114.29549173525146	30.590793247107253	0
先锋里	114.2985398655079	30.591413440907402	0
铭新大厦	114.2988574165057	30.593027868951296	0
铭新巷小区	114.29885166735042	30.593641442408213	0
吉庆家园	114.30085075643233	30.59298038387546	0
吉祥大厦	114.3000553967338	30.592809406321027	0
大智公寓	114.3010014920969	30.595811183873046	0
交易街小区	114.3002849137916	30.595360826083763	0
外滩洞庭首府	114.30517394152966	30.5877989292422	0
辅仁里	114.30310146088758	30.594025982708796	0
新成里	114.30344667969506	30.597407974686835	0
江花庭院	114.30879240595439	30.603302045221916	0
中福时代	114.3066816574976	30.601935062810192	0
永庆里	114.3071130238035	30.599080119649205	0
三元里	114.31262808065144	30.61099108450516	0
粮校宿舍二小区	114.31697201660604	30.61137687618633	0
融科天城-四期	114.30644684043729	30.603954173903922	0
世纪皇冠(同庆阁社区东北)	114.29947158798286	30.599629231491228	0
馨悦国际	114.29864532657477	30.597641425499454	0
万科金域湖庭	114.29330355285968	30.60296245786796	0
万科阅庐	114.29223124557244	30.601099679395677	0
建银小区	114.28896231182162	30.603059438543877	0
利源公寓高雄小区	114.28305047342991	30.599001863573193	0
中侨观邸	114.28763219085299	30.59989749161045	0
金融花园(台北二路)	114.28902941524322	30.603956505147217	0
园林大院	114.30451584291303	30.61105526667295	0
湖边坊社区	114.3019058162538	30.60808870022134	0
金岛金桥壹号	114.29311221378607	30.640408197821728	0
嘉锦苑	114.29723175302428	30.647542862882883	0
天伦我的寓所	114.31040989485565	30.646125479688667	0
兴和嘉园	114.32631897526791	30.676340835419737	0
长江新城平安苑小区	114.38439963665995	30.69383046096544	0
凯旋名苑	114.30084285134384	30.66163795699676	0
雍景台	114.29159596391577	30.577770894187196	0
满春花园	114.28786772655772	30.578280019870054	0
舞台天下	114.28754451623523	30.581299662638504	0
海山·友谊城	114.286960168501	30.581007099794245	0
单洞社区名仕阁公寓	114.29025416497552	30.589171087176542	0
新育社区出版社小区	114.28271450716917	30.587547267674264	0
两湖总都	114.27264944308264	30.60789676927104	0
金星花苑小区	114.28114849117362	30.609498875843816	0
北湖小区	114.27869503916479	30.608650892514873	0
九运长福公寓	114.28894075248938	30.612819327039237	0
福康居小区	114.27362778761355	30.621687001321632	0
新兴华鼎丽都	114.28038349420133	30.623185080281388	0
香江花园三期小区	114.28238581718308	30.62266850129599	0
银舵新都	114.17689402826322	30.613179003953853	0
紫润明园-南区	114.21702331166607	30.62613051399002	0
蓝光林肯公园	114.198800016599	30.625422909617512	0
古田三路融侨锦城	114.20835142959493	30.599076700318523	0
康丰苑小区	114.21164883963041	30.5996664553475	0
华鼎尚都国际	114.23544315597871	30.598384516480856	0
锦绣江山	114.28251229859889	30.556056697669717	0
海山观江楼	114.28174074399635	30.551433756197095	0
华润中央公园-一期	114.24574456424493	30.572102160869317	0
中央公园3期	114.249120486182	30.573444071934247	0
华润中央公园-别墅区	114.24762004648866	30.570599941361046	0
中海琴台华府	114.25101869555512	30.57211141120383	0
九龙仓月玺	114.24970743900221	30.570272442728065	0
塞纳河畔	114.23335899736502	30.576004712378023	0
龙灯里小区	114.25175386878448	30.56692867452024	0
月湖景苑	114.25266358277445	30.56896080456207	0
芳草园	114.23236583079319	30.566303580464492	0
亘星.知音嘉苑	114.22416987098124	30.573936352627516	0
旅游小区	114.2673570761706	30.542768523999452	0
三星公寓	114.27054704886707	30.544592856510018	0
夹河馨居	114.26954498907071	30.545024868805527	0
嘉怡苑	114.27463541690409	30.546514425469876	0
建安小区	114.27548566306928	30.547296244925178	0
倒口西村二院	114.25771825804853	30.528779528546714	0
向阳雅居	114.25540143830774	30.528562630685997	0
开来都市丰景	114.20586303350174	30.527185951684885	0
怡华苑小区	114.3634630098	30.621545909388388	0
新长江滨江花园	114.34138589426458	30.594862438027945	0
福星惠誉水岸国际澜桥公馆-1期	114.32670219239847	30.572789326150964	0
水岸国际沙湖公馆	114.3388170099977	30.57839117214098	0
三角花园陈家湾小区	114.33066434851133	30.582057648091425	0
鹏程·帝景园	114.33703827525737	30.591817341907294	0
三角综合楼小区	114.33778952815537	30.593362284458074	0
团结名居·兰园	114.34810270422378	30.588904506910144	0
大湖公寓	114.33980990707786	30.58810856999408	0
湖北大学教师公寓(友谊大道)	114.34528849272212	30.589123522471922	0
佳馨花园-2期	114.34491892983532	30.592454704640982	0
喻家湖小区	114.33248674089943	30.584529686822606	0
嘉景花园	114.31951305340212	30.566107057080348	0
凤凰山小区	114.31747911006642	30.55994380820738	0
中环国际	114.32224722588285	30.57333439086122	0
兴松园社区	114.31257795520399	30.562305867460402	0
武昌区友谊国际一期小区	114.32250153617272	30.565245785497215	0
银聚园小区	114.30831908878119	30.557326529285945	0
西城壕小区	114.3099953268628	30.559600024739236	0
戈甲营社区鸿华花园小区	114.31404255250746	30.556298334710046	0
马道门	114.31312080122366	30.558901103402683	0
顶秀嘉园	114.31052460846928	30.553744399496903	0
怡博苑	114.32232259371513	30.551825540840937	0
双柏小区	114.3156233905439	30.55442205533557	0
紫晋公寓	114.31659939948051	30.55373102670855	0
涵三宫小区	114.31929799906302	30.55429688062655	0
湖北经济学院小区	114.3710802812024	30.580321003781854	0
湖北经济学院小区	114.31880339204923	30.55182188657599	0
民主路荆南街小区	114.3166344333954	30.550492191412534	0
首义小区	114.31373910490618	30.54116724752151	0
康华园	114.30519577035355	30.53249129139341	0
汇文新都-B区	114.30798500896202	30.531365078251287	0
汇文新都-A区	114.30389915618045	30.532264758902112	0
烽火茗盛绿岸	114.29062004480974	30.513696923963238	0
南国·悦公馆	114.33986102066139	30.551505597755636	0
中南路街涂家岭社区-安顺苑	114.33674264291406	30.530864336105452	0
丁字桥社区-安国苑	114.34027945136793	30.534309131158146	0
99号公寓	114.33849083526702	30.531800027342566	0
中铁十一局小区	114.32547519690239	30.55397095912848	0
银海公寓	114.33662703099492	30.53804836368649	0
方海公寓	114.33104999106676	30.53831601826103	0
鸿玺御园	114.33464500971769	30.558197900997943	0
奥山星座	114.3362121935104	30.547053341182604	0
小刘家湾社区-居民小区	114.33671793951252	30.5457546821428	0
百合营小区	114.34384473610649	30.546482857091775	0
梅苑-三期	114.32887600190207	30.535764871285657	0
梅苑小区-二期	114.32999942277286	30.535336472272522	0
静安上城-北区	114.32844499491839	30.5303138977958	0
武昌长春小区	114.32719742822613	30.547284426319386	0
石化大院	114.33952343745074	30.5419498880483	0
地铁紫阳城	114.33528604052962	30.536801917157465	0
江宏地产世纪名苑-B区	114.33004793127039	30.52623839437014	0
舒家街社区	114.33058808237354	30.54588095654958	0
华亚新领地	114.33043716704785	30.52461771064886	0
百瑞景中央生活区-一期	114.33977945452108	30.525389053424565	0
东三苑	114.35526139066334	30.547916019907042	0
银海山庄	114.3599518928837	30.54501763751418	0
北坡山庄	114.35952483844424	30.545475929247456	0
供暖小区	114.359052329746	30.55200662115766	0
水云居(秦园路店)	114.35929612986142	30.57783960687971	0
保利白玫瑰花苑	114.35873594654538	30.5770362715922	0
天源城	114.35905071279609	30.570360905559337	0
香格里嘉园	114.34225554382878	30.55445502057343	0
楚天都市花园	114.34381643948292	30.554413658527892	0
景天楼	114.34526298084563	30.55703148327242	0
银海华庭	114.34999498478055	30.545116931649947	0
湖北省社科院西院小区	114.36802047297432	30.569616897960064	0
民政厅小区	114.3142233814066	30.534314496907417	0
水生村社区	114.36467410528856	30.5509503015417	0
金秋千秋别墅花园	114.32425673530865	30.52029067256353	0
南湖花园温馨苑(瑞安街)	114.31992645359782	30.519894481733502	0
南湖花园城-祥和苑	114.3194390330281	30.5169719212015	0
宝安春天里	114.31781534581881	30.50921538109208	0
南湖安六小区马应龙公寓	114.3181959578634	30.509813933021345	0
南湖·沁康园	114.32198644779328	30.51282872688898	0
南国SOHO	114.32740951815703	30.514894901727896	0
南湖花园城康乐苑(恒安路)	114.32199471220399	30.520002201623985	0
青鱼咀球场小区	114.35478196501266	30.571134990724314	0
元兴苑	114.41545082424005	30.64776407467558	0
六街坊社区	114.40884899738613	30.647618904494273	0
天宇星苑	114.40857384640842	30.641027138567686	0
青澳公寓	114.39959465402232	30.63893361441248	0
兴达花园小区	114.40179640082728	30.639486848019306	0
新长江·世纪坊	114.38402360597348	30.634966893334973	0
悦达新天地	114.40674804045938	30.626139914496022	0
新家园	114.39250971846513	30.63097173020409	0
青翠苑一期-四号院	114.39886397232051	30.62262996558854	0
青城阳光	114.42739119090922	30.647185489802247	0
青馨居	114.42022873158652	30.630664325375424	0
怡景雅居-西苑	114.49477075161835	30.6102310742371	0
景苑小区	114.3839309906754	30.620666877103943	0
青扬六和	114.36850888168009	30.621340564314828	0
玉兰苑-南区	114.36225748380559	30.519265426275282	0
湖北中医院小区	114.414407083068	30.510148638215227	0
红旗造纸厂小区	114.4072999593647	30.507910921694045	0
南湖梦里水乡	114.35826523445816	30.509216158939758	0
青菱渔场小区	114.28326750404112	30.478174023158047	0
立城福第	114.37807502688639	30.50707588727284	0
东方御景	114.03509264079952	30.590925602085527	0
香格华府	114.03855471023498	30.59220880638765	0
天下左岸春天	114.04614602060813	30.583791929248317	0
丽水C区	114.04678516497849	30.58260732370769	0
汉江壹号	114.04867537943258	30.588708962430477	0
鑫泰苑小区	114.03252869721294	30.579245019385212	0
怡泰苑小区	114.03205897326175	30.57820190228797	0
富强都市乾元	114.02336104033085	30.58230388325896	0
劳保里-168号	114.04152603537032	30.583430199010564	0
国立上品	114.04063482647386	30.57503260672309	0
莲花小区	114.03870104420254	30.573426271116602	0
蔡甸林语阁	114.04425688412066	30.575309874707916	0
沁园首府	114.04487258271719	30.57434071583761	0
红光精品花园	114.06100004119892	30.571276934163723	0
知音首府三期	114.06063245458424	30.57147305829694	0
致成·雅阁	114.12450727634618	30.557175002474114	0
3545社区	114.13105403707236	30.560840889125643	0
新阳花苑	114.10847342129858	30.594432204185743	0
海天幸福天地-1期	114.14165359293735	30.47493684607829	0
丝宝叠翠园	114.13256534626235	30.478198533254137	0
楚夏花园懒公馆	114.3153970175554	30.421883969895575	0
福地家园	114.31457399004717	30.42359466800984	0
海天大厦	114.31897856162368	30.424550241616952	0
汤逊湖山庄别墅	114.38731616515919	30.417740347126283	0
岭尚梦想	114.31491651393812	30.42782562146643	0
圣宝龙花园	114.3746824862974	30.4092702857045	0
东方雨林	114.37290132613224	30.41451772664617	0
华舟汀岸	114.37304029399463	30.4161993577687	0
湖光山色	114.38268414262754	30.420308556200403	0
创业农庄	114.37673197031843	30.40077300536124	0
逸境HOUSE	114.37787605221595	30.398519979101998	0
当代云城	114.37819099812774	30.397582993786628	0
藏龙·水天居	114.41197204632212	30.432085037285745	0
惠风同庆花园蜜糖镇	114.44331796794003	30.43935123830215	0
锦东	114.450409550958	30.440874655661872	0
宜家龙臣	114.4266464058109	30.42308565810213	0
瑞和华府	114.43187086082638	30.398531426589184	0
藏龙倚湖逸墅	114.41486593752249	30.41036934968178	0
侨亚美苑小区	114.43345645988205	30.403013208365543	0
阳光雅园	114.32091315236998	30.369604676583098	0
世纪星语	114.33810303677836	30.3644803756812	0
万豪世纪天街	114.33293795975709	30.37276001292846	0
明熙小区	114.32900347145393	30.359372631166288	0
交通小区(文华路)	114.33138478953033	30.358425294703334	0
锦和家园	114.32882704425177	30.36658696428139	0
嘉和·世纪华庭	114.31843355967078	30.34809942751751	0
江夏区人大小区	114.3320121660985	30.360793462675968	0
红心嘉园	114.32665583983416	30.361913020839967	0
鑫磊花园(古驿道)	114.3280493811718	30.356500443628594	0
广场亮波小区	114.23957455284966	30.887406782315725	0
祁家湾光明华府	114.23867957107005	30.881369621738617	0
蓝色星城桂苑	114.29679149349384	30.805336294642668	0
汉北·裕丰园	114.35576030954358	30.718423598864327	0
辉煌花园	114.35587098078241	30.71839286323822	0
万博庭苑	114.35310321167563	30.721001242636916	0
武湖胜海家园	114.42934060369643	30.728184376069397	0
兰江·公园里	114.24738873281984	30.70669444488705	0
新舟花园	114.81035383151485	30.85976893854834	0
东城佳苑	114.81557460347773	30.85218533245137	0
安泰新苑	114.81626881397585	30.849388633301594	0
玫瑰园小区	114.57025302802747	30.659145228752763	0
华泰花园(新洲大街)	114.80240562436256	30.84856556664376	0
学林金澜名邸	114.80688340783814	30.855647395965555	0
祥和盛世-一期	114.8058757785476	30.831495886706822	0
九豪花园	114.80145297136923	30.850337100460635	0
阳光新城	114.81760324681092	30.859585960733245	0
江夏新都	114.81450175720717	30.856450715547325	0
学府家园	114.82407913123235	30.85172556427117	0
健康里	114.80480895092396	30.84040667509341	0
佳阳·国际	114.57710799737411	30.710328998877216	0
江景花园(老正街)	114.5676862996938	30.65873081619217	0
阳逻湖滨花园	114.57595753750748	30.674769043424785	0
新港天地公寓	114.57840856409146	30.673846393684208	0
嘉鸿·阳光小区	114.58008686827576	30.676241521790413	0
平江壹号	114.56021131988419	30.7075264232142	0
佳阳·翠湖里	114.56202697498095	30.68200185237537	0
新龙街欢金小区	114.57607135281559	30.65261600308977	0
阳逻平安花园	114.58534240466187	30.66057189395264	0
阳逻怡馨花园	114.58367586827977	30.664496317290375	0
东方新天地小区	114.58392433958383	30.65533211503813	0
耀辉君悦公寓	114.58013447846778	30.668094657601785	0
锦绣鑫城	114.08182860190604	30.313657451117372	0
中奇银莲花园	114.08082366753203	30.313793538329502	0
汉江春苑	114.0938216092781	30.33272221972079	0
凤凰苑	114.09028956184342	30.329644911221546	0
凤凰苑	114.06182468565709	30.506717602002144	0
建新花园(振兴巷)	114.09302400381578	30.312934923031072	0
望江阁	114.08809805572128	30.308663323700454	0
左岸·凤凰城	114.08754964020743	30.32148823473236	0
中央名都	114.08955384963075	30.319504274662716	0
东庭·郡园	114.0880822455443	30.328406214183435	0
光谷.麒麟社	114.41095211024609	30.466216554905454	0
新凯.御景湾	114.4019544127665	30.442322701083217	0
梓洲花苑	114.43657591559601	30.497018501439673	0
茅店七期小区	114.40212958234095	30.46346014917155	0
碧桂园.生态城映月湾	114.51229103279331	30.55408587146222	0
银湖九号	114.22683406546273	30.655480923839942	0
碧云天	114.21399233904485	30.6795539134538	0
滨湖花园二期	114.45927043650843	30.5543058994309	0
东湖山庄	114.37755409952115	30.575735919075385	0
